1	1	商品类别.jpg	110002
2	1	商品情况.jpg	110017
3	1	部门类别.jpg	110002
4	1	员工设置.jpg	110003
5	1	地区资料.jpg	110005
6	1	颜色设置.jpg	110010
7	1	计量要素.jpg	110082
8	1	操作员.jpg	110011
9	1	车间管理员.jpg	190029
10	2	生产计划单-染色.jpg	190100
11	2	生产计划单-印花.jpg	190101
12	1	印染班次.jpg	110023
13	1	印染班次人员.jpg	110024
14	1	染缸设置.jpg	110025
15	3	白坯入库单.jpg	120100
16	3	白坯盘点单.jpg	120104
17	3	白坯仓库综合管理.jpg	190058
18	3	白坯翻布产量审核.jpg	190102
19	4	成品入库.jpg	120007
20	4	成品出库码单.jpg	120008
21	4	成品退仓回修单.jpg	120009
22	4	客户成品退货单.jpg	120010
23	4	成品发货管理.jpg	190052
24	4	待入库成品管理.jpg	190056
25	5	触摸屏产量表	130123
26	5	工序产量表	130122
27	5	工序产量表-分品种	130127
28	5	员工工资汇总表	130041
29	5	员工工资明细表	130037
30	5	员工产量汇总表	130042
31	5	员工产量明细表	130038
32	5	部门班次产量表	130109
33	5	部门班次工资表	130110
34	5	产量明细表工序分组	130031
35	5	产量异常表	130035
36	5	月报表工序分组	130015
37	5	月报表人员分组	130016
38	5	流程卡进度查询	190025
39	5	流程卡进度表	190051
40	5	流程卡产量表	130018
41	5	管理员操作记录	130043
42	5	未完成流程卡	130047
43	5	工序分类表	130121
44	5	生产计划单查询(染色)	130012
45	5	生产计划单查询(印花)	130034
46	5	未翻布计划单	130128
47	5	未翻布计划单-卡号详情	130129
48	5	未刷卡工序一览	130130
NULL	NULL	NULL	NULL